%YAML:1.0
---
deviceID: "A0720019111100A01"
width: "640"
height: "400"
cameraMatrixL: !!opencv-matrix
   rows: 3
   cols: 3
   dt: d
   data: [ 6.0920838611216777e+02, 0., 2.8267800466195257e+02, 0.,
       6.3254691915877379e+02, 1.7742440653143478e+02, 0., 0., 1. ]
distCoeffL: !!opencv-matrix
   rows: 5
   cols: 1
   dt: d
   data: [ 8.6759755071226297e-02, -1.3025584851653931e+00,
       -1.5700968077836208e-03, 4.7016389412719729e-03,
       4.5569252547426702e+00 ]
cameraMatrixR: !!opencv-matrix
   rows: 3
   cols: 3
   dt: d
   data: [ 1.1123380584884965e+03, 0., 3.0694112825778160e+02, 0.,
       1.1243662598511326e+03, 1.7692148111541690e+02, 0., 0., 1. ]
distCoeffR: !!opencv-matrix
   rows: 5
   cols: 1
   dt: d
   data: [ 3.0112428072409547e-01, -2.3131900917740854e+01,
       -5.5769241737751714e-04, 1.4177286155959687e-02,
       4.8181769041417863e+02 ]
steroRotation: !!opencv-matrix
   rows: 3
   cols: 3
   dt: d
   data: [ 9.7834176552828744e-01, -1.1969225422501065e-02,
       -2.0664977005982563e-01, 5.0907269464590711e-03,
       9.9941614171809312e-01, -3.3785502400838385e-02,
       2.0693350217437015e-01, 3.2001770515173292e-02,
       9.7783148464433489e-01 ]
steroTranslation: !!opencv-matrix
   rows: 3
   cols: 1
   dt: d
   data: [ 7.9598145176787881e+01, 1.4891217530245557e+01,
       2.9672171327432090e+02 ]
pL: !!opencv-matrix
   rows: 3
   cols: 4
   dt: d
   data: [ 8.7845658950495317e+02, 0., 4.4432160232543945e+04, 0., 0.,
       8.7845658950495317e+02, -6.5479694366455078e+02, 0., 0., 0., 1.,
       0. ]
pR: !!opencv-matrix
   rows: 3
   cols: 4
   dt: d
   data: [ 8.7845658950495317e+02, 0., -7.6763582763671875e+03,
       2.7018986829934095e+05, 0., 8.7845658950495317e+02,
       -6.5479694366455078e+02, 0., 0., 0., 1., 0. ]
Q: !!opencv-matrix
   rows: 4
   cols: 4
   dt: d
   data: [ 1., 0., 0., -4.4432160232543945e+04, 0., 1., 0.,
       6.5479694366455078e+02, 0., 0., 0., 8.7845658950495317e+02, 0.,
       0., -3.2512565886879184e-03, 1.6941816412886365e+02 ]
